
----------------------------------
       Ejecucion secuencial       
----------------------------------
----------------------------------
         imagen 720p              
----------------------------------
k3: [
0.384
0.384
0.384
0.384
0.384
0.383
0.384
0.384
0.383
0.384
],

k5: [
0.561
0.560
0.561
0.562
0.562
0.560
0.561
0.561
0.561
0.560
],

k7: [
0.742
0.741
0.741
0.741
0.741
0.741
0.742
0.742
0.742
0.740
],

k9: [
0.921
0.921
0.923
0.922
0.922
0.933
0.923
0.921
0.922
0.922
],

k11: [
1.172
1.170
1.170
1.170
1.170
1.169
1.170
1.172
1.172
1.171
],

k13: [
1.351
1.352
1.351
1.351
1.352
1.352
1.350
1.350
1.351
1.355
],

k15: [
1.536
1.534
1.532
1.534
1.532
1.532
1.532
1.532
1.532
1.534
],

----------------------------------
          imagen 1080p            
----------------------------------
k3: [
0.653
0.652
0.651
0.652
0.652
0.652
0.652
0.652
0.654
0.652
],

k5: [
1.011
1.011
1.009
1.009
1.008
1.007
1.009
1.009
1.012
1.012
],

k7: [
1.333
1.332
1.330
1.332
1.333
1.330
1.330
1.331
1.330
1.333
],

k9: [
1.678
1.659
1.658
1.658
1.659
1.659
1.660
1.679
1.659
1.661
],

k11: [
2.082
2.081
2.080
2.079
2.081
2.083
2.082
2.081
2.082
2.082
],

k13: [
2.412
2.414
2.410
2.410
2.407
2.408
2.407
2.407
2.407
2.406
],

k15: [
2.737
2.738
2.742
2.739
2.739
2.737
2.741
2.737
2.735
2.739
],

----------------------------------
          imagen 4k               
----------------------------------
k3: [
9.750
9.769
9.747
9.751
9.758
9.756
9.755
9.747
9.760
9.746
],

k5: [
14.225
14.289
14.274
14.272
14.277
14.297
14.252
14.284
14.239
14.304
],

k7: [
18.747
18.700
18.711
18.735
18.712
18.717
18.708
18.728
18.708
18.704
],

k9: [
23.290
23.276
23.274
23.558
23.276
23.293
23.291
23.271
23.546
23.281
],

k11: [
29.520
29.508
29.525
29.552
29.511
29.554
29.554
29.548
29.500
29.602
],

k13: [
34.314
34.263
34.178
34.339
34.293
34.249
34.239
34.168
34.216
34.232
],

k15: [
38.896
38.797
38.822
38.943
38.785
38.767
38.687
38.690
38.699
38.699
],


----------------------------------
      Ejecicion en paralelo       
----------------------------------
----------------------------------
            imagen 720p           
----------------------------------
k3 _h2: [
0.242
0.242
0.242
0.242
0.242
0.242
0.241
0.241
0.242
0.243
],

k3 _h4: [
0.169
0.168
0.169
0.170
0.170
0.169
0.170
0.169
0.168
0.169
],

k3 _h8: [
0.134
0.134
0.135
0.134
0.133
0.133
0.134
0.134
0.133
0.134
],

k3 _h16: [
0.151
0.165
0.164
0.172
0.159
0.162
0.156
0.169
0.163
0.167
],

k5 _h2: [
0.326
0.327
0.326
0.326
0.327
0.325
0.327
0.327
0.327
0.326
],

k5 _h4: [
0.210
0.209
0.209
0.209
0.209
0.210
0.209
0.209
0.211
0.209
],

k5 _h8: [
0.153
0.153
0.153
0.153
0.152
0.153
0.152
0.152
0.153
0.152
],

k5 _h16: [
0.187
0.183
0.179
0.176
0.192
0.181
0.179
0.181
0.178
0.193
],

k7 _h2: [
0.414
0.415
0.414
0.414
0.414
0.415
0.415
0.414
0.416
0.415
],

k7 _h4: [
0.254
0.252
0.252
0.252
0.252
0.253
0.255
0.253
0.252
0.252
],

k7 _h8: [
0.176
0.174
0.174
0.174
0.176
0.174
0.174
0.174
0.175
0.174
],

k7 _h16: [
0.217
0.210
0.200
0.215
0.227
0.223
0.218
0.214
0.205
0.203
],

k9 _h2: [
0.506
0.505
0.505
0.506
0.505
0.512
0.504
0.506
0.505
0.504
],

k9 _h4: [
0.297
0.297
0.297
0.297
0.297
0.297
0.297
0.297
0.300
0.297
],

k9 _h8: [
0.198
0.197
0.198
0.199
0.197
0.197
0.198
0.197
0.197
0.197
],

k9 _h16: [
0.225
0.224
0.226
0.227
0.239
0.227
0.244
0.242
0.235
0.232
],

k11 _h2: [
0.630
0.628
0.628
0.628
0.629
0.628
0.628
0.628
0.629
0.630
],

k11 _h4: [
0.358
0.359
0.358
0.358
0.359
0.359
0.359
0.359
0.359
0.359
],

k11 _h8: [
0.229
0.229
0.228
0.229
0.229
0.229
0.229
0.229
0.229
0.229
],

k11 _h16: [
0.257
0.253
0.276
0.268
0.289
0.252
0.277
0.272
0.279
0.272
],

k13 _h2: [
0.723
0.723
0.722
0.723
0.722
0.723
0.722
0.723
0.723
0.723
],

k13 _h4: [
0.405
0.406
0.405
0.404
0.404
0.405
0.405
0.405
0.405
0.405
],

k13 _h8: [
0.254
0.253
0.253
0.253
0.253
0.253
0.266
0.254
0.253
0.253
],

k13 _h16: [
0.282
0.303
0.287
0.277
0.294
0.295
0.301
0.324
0.281
0.298
],

k15 _h2: [
0.813
0.814
0.808
0.809
0.809
0.809
0.810
0.809
0.808
0.808
],

k15 _h4: [
0.449
0.450
0.450
0.450
0.450
0.449
0.449
0.450
0.452
0.450
],

k15 _h8: [
0.277
0.279
0.276
0.277
0.276
0.275
0.276
0.275
0.276
0.276
],

k15 _h16: [
0.322
0.302
0.302
0.313
0.303
0.305
0.304
0.309
0.340
0.326
],

----------------------------------
          imagen 1080p            
----------------------------------
k3 _h2: [
0.396
0.397
0.396
0.395
0.397
0.396
0.397
0.397
0.396
0.396
],

k3 _h4: [
0.267
0.266
0.268
0.267
0.267
0.266
0.267
0.271
0.267
0.267
],

k3 _h8: [
0.205
0.206
0.205
0.204
0.205
0.205
0.206
0.205
0.205
0.206
],

k3 _h16: [
0.254
0.242
0.246
0.243
0.258
0.231
0.237
0.242
0.239
0.239
],

k5 _h2: [
0.573
0.573
0.572
0.573
0.571
0.571
0.573
0.571
0.571
0.572
],

k5 _h4: [
0.353
0.353
0.353
0.354
0.353
0.353
0.353
0.353
0.354
0.353
],

k5 _h8: [
0.248
0.246
0.247
0.247
0.246
0.246
0.247
0.246
0.245
0.246
],

k5 _h16: [
0.279
0.292
0.299
0.291
0.288
0.281
0.299
0.284
0.291
0.276
],

k7 _h2: [
0.733
0.734
0.733
0.733
0.732
0.733
0.732
0.734
0.731
0.733
],

k7 _h4: [
0.435
0.442
0.441
0.438
0.437
0.437
0.436
0.437
0.436
0.437
],

k7 _h8: [
0.287
0.288
0.287
0.287
0.288
0.287
0.286
0.286
0.287
0.287
],

k7 _h16: [
0.331
0.327
0.333
0.338
0.324
0.325
0.336
0.328
0.332
0.321
],

k9 _h2: [
0.902
0.901
0.901
0.900
0.901
0.911
0.901
0.900
0.903
0.902
],

k9 _h4: [
0.514
0.513
0.516
0.518
0.517
0.516
0.516
0.516
0.516
0.516
],

k9 _h8: [
0.326
0.326
0.327
0.327
0.328
0.325
0.325
0.325
0.328
0.325
],

k9 _h16: [
0.373
0.379
0.388
0.382
0.361
0.377
0.353
0.348
0.367
0.375
],

k11 _h2: [
1.107
1.105
1.107
1.106
1.106
1.107
1.106
1.108
1.108
1.108
],

k11 _h4: [
0.620
0.619
0.619
0.619
0.619
0.618
0.619
0.619
0.619
0.618
],

k11 _h8: [
0.377
0.377
0.377
0.376
0.376
0.377
0.377
0.376
0.376
0.377
],

k11 _h16: [
0.431
0.415
0.423
0.423
0.421
0.416
0.402
0.426
0.429
0.421
],

k13 _h2: [
1.273
1.270
1.271
1.270
1.270
1.270
1.270
1.270
1.271
1.272
],

k13 _h4: [
0.703
0.704
0.704
0.704
0.703
0.704
0.705
0.704
0.704
0.704
],

k13 _h8: [
0.418
0.418
0.418
0.419
0.419
0.417
0.421
0.418
0.419
0.419
],

k13 _h16: [
0.465
0.446
0.458
0.465
0.462
0.472
0.475
0.474
0.467
0.470
],

k15 _h2: [
1.443
1.442
1.436
1.439
1.436
1.436
1.438
1.436
1.433
1.435
],

k15 _h4: [
0.783
0.783
0.782
0.783
0.782
0.785
0.785
0.784
0.782
0.782
],

k15 _h8: [
0.459
0.458
0.457
0.458
0.461
0.459
0.458
0.459
0.466
0.470
],

k15 _h16: [
0.512
0.503
0.514
0.503
0.511
0.522
0.514
0.511
0.480
0.508
],

----------------------------------
             imagen 4k            
----------------------------------
k3 _h2: [
6.032
6.016
6.024
6.022
6.017
6.033
6.027
6.019
6.038
6.035
],

k3 _h4: [
4.141
4.125
4.125
4.133
4.119
4.119
4.119
4.144
4.151
4.143
],

k3 _h8: [
3.215
3.211
3.211
3.196
3.204
3.199
3.201
3.205
3.194
3.193
],

k3 _h16: [
3.497
3.598
3.471
3.549
3.463
3.512
3.486
3.538
3.428
3.421
],

k5 _h2: [
8.233
8.234
8.225
8.231
8.227
8.222
8.240
8.235
8.227
8.233
],

k5 _h4: [
5.227
5.232
5.231
5.225
5.228
5.223
5.244
5.230
5.223
5.223
],

k5 _h8: [
3.729
3.719
3.753
3.738
3.742
3.724
3.727
3.729
3.734
3.744
],

k5 _h16: [
3.990
4.141
4.122
3.980
4.071
4.160
4.014
4.021
4.037
4.180
],

k7 _h2: [
10.487
10.489
10.478
10.476
10.489
10.471
10.490
10.483
10.480
10.479
],

k7 _h4: [
6.345
6.342
6.347
6.344
6.345
6.353
6.357
6.362
6.366
6.370
],

k7 _h8: [
4.304
4.303
4.306
4.316
4.303
4.313
4.304
4.306
4.318
4.330
],

k7 _h16: [
4.648
4.608
4.602
4.640
4.639
4.591
4.665
4.692
4.561
4.683
],

k9 _h2: [
13.193
12.899
12.946
13.122
13.014
12.995
12.921
13.041
13.041
12.941
],

k9 _h4: [
7.500
7.493
7.485
7.480
7.495
7.501
7.525
7.504
7.562
7.507
],

k9 _h8: [
4.877
4.911
4.871
4.875
4.879
4.864
4.868
4.873
4.875
4.873
],

k9 _h16: [
5.164
5.161
5.220
5.187
5.207
5.195
5.242
5.193
5.349
5.224
],

k11 _h2: [
16.175
16.016
16.156
16.131
16.123
16.100
16.168
16.177
15.981
16.016
],

k11 _h4: [
9.053
9.072
9.072
9.060
9.062
9.069
9.049
9.064
9.059
9.056
],

k11 _h8: [
5.654
5.658
5.653
5.659
5.669
5.653
5.648
5.645
5.654
5.647
],

k11 _h16: [
5.864
5.857
5.952
5.902
5.960
5.953
5.942
5.981
5.923
5.943
],

k13 _h2: [
18.469
18.451
18.349
18.400
18.155
18.158
18.181
18.157
18.160
18.157
],

k13 _h4: [
10.181
10.179
10.183
10.176
10.174
10.177
10.179
10.175
10.168
10.167
],

k13 _h8: [
6.189
6.204
6.193
6.191
6.207
6.194
6.195
6.193
6.187
6.208
],

k13 _h16: [
6.479
6.443
6.468
6.591
6.542
6.466
6.525
6.614
6.705
6.526
],

k15 _h2: [
20.447
20.439
20.458
20.466
20.435
20.472
20.451
20.444
20.443
20.469
],

k15 _h4: [
11.323
11.323
11.318
11.318
11.328
11.327
11.324
11.325
11.321
11.325
],

k15 _h8: [
6.772
6.769
6.763
6.772
6.766
6.767
6.765
6.763
6.765
6.771
],

k15 _h16: [
7.046
7.010
7.096
7.080
6.964
7.050
7.045
7.045
7.093
7.021
],

