
----------------------------------
       Ejecucion secuencial       
----------------------------------
----------------------------------
         imagen 720p              
----------------------------------
k3: [
0.385
0.387
0.386
0.385
0.387
0.384
0.384
0.385
0.385
0.385
],

k5: [
0.562
0.562
0.562
0.562
0.563
0.563
0.562
0.562
0.563
0.562
],

k7: [
0.743
0.743
0.742
0.742
0.742
0.743
0.740
0.740
0.742
0.743
],

k9: [
0.925
0.923
0.925
0.923
0.924
0.925
0.929
0.928
0.925
0.926
],

k11: [
1.177
1.173
1.174
1.177
1.177
1.174
1.183
1.182
1.178
1.171
],

k13: [
1.359
1.360
1.360
1.359
1.359
1.359
1.361
1.362
1.359
1.360
],

k15: [
1.552
1.545
1.547
1.545
1.544
1.547
1.542
1.552
1.546
1.549
],

----------------------------------
          imagen 1080p            
----------------------------------
k3: [
0.658
0.661
0.657
0.657
0.659
0.661
0.654
0.659
0.659
0.660
],

k5: [
1.024
1.022
1.022
1.022
1.018
1.021
1.019
1.019
1.021
1.023
],

k7: [
1.340
1.347
1.350
1.341
1.347
1.338
1.339
1.338
1.338
1.337
],

k9: [
1.667
1.668
1.664
1.669
1.667
1.668
1.675
1.673
1.672
1.672
],

k11: [
2.089
2.091
2.086
2.092
2.087
2.091
2.096
2.093
2.099
2.096
],

k13: [
2.436
2.422
2.422
2.432
2.431
2.426
2.426
2.432
2.427
2.425
],

k15: [
2.759
2.776
2.766
2.762
2.755
2.759
2.754
2.753
2.755
2.761
],

----------------------------------
          imagen 4k               
----------------------------------
k3: [
9.774
9.788
9.790
9.766
9.770
9.829
9.740
9.819
9.795
9.781
],

k5: [
14.206
14.212
14.212
14.300
14.283
14.257
14.279
14.191
14.185
14.203
],

k7: [
18.778
18.739
18.758
18.797
18.780
18.750
18.789
18.758
18.763
18.780
],

k9: [
23.399
23.302
23.293
23.302
23.300
23.281
23.310
23.313
23.363
23.381
],

k11: [
29.631
29.728
29.718
29.647
29.618
29.561
29.568
29.580
29.573
29.567
],

k13: [
34.109
34.103
34.142
34.119
34.107
34.171
34.117
34.154
34.146
34.113
],

k15: [
39.244
39.493
39.131
38.751
38.881
38.798
38.711
38.760
38.736
38.716
],


----------------------------------
      Ejecicion en paralelo       
----------------------------------
----------------------------------
            imagen 720p           
----------------------------------
k3 _h2: [
0.243
0.242
0.242
0.241
0.242
0.241
0.241
0.240
0.240
0.241
],

k3 _h4: [
0.168
0.168
0.168
0.169
0.168
0.168
0.168
0.168
0.170
0.168
],

k3 _h8: [
0.133
0.133
0.132
0.131
0.132
0.132
0.132
0.132
0.131
0.132
],

k3 _h16: [
0.147
0.147
0.149
0.149
0.150
0.152
0.149
0.151
0.151
0.151
],

k5 _h2: [
0.326
0.327
0.326
0.326
0.326
0.326
0.328
0.328
0.328
0.328
],

k5 _h4: [
0.211
0.210
0.210
0.209
0.208
0.209
0.209
0.210
0.209
0.209
],

k5 _h8: [
0.151
0.151
0.150
0.150
0.151
0.150
0.150
0.150
0.150
0.150
],

k5 _h16: [
0.169
0.168
0.171
0.176
0.169
0.165
0.166
0.168
0.171
0.168
],

k7 _h2: [
0.420
0.418
0.416
0.415
0.415
0.416
0.416
0.416
0.416
0.415
],

k7 _h4: [
0.252
0.251
0.252
0.252
0.252
0.252
0.252
0.251
0.252
0.252
],

k7 _h8: [
0.171
0.170
0.170
0.170
0.170
0.170
0.170
0.170
0.171
0.170
],

k7 _h16: [
0.189
0.189
0.194
0.190
0.190
0.192
0.191
0.192
0.190
0.187
],

k9 _h2: [
0.504
0.505
0.505
0.505
0.505
0.504
0.505
0.505
0.507
0.507
],

k9 _h4: [
0.296
0.296
0.296
0.296
0.296
0.297
0.296
0.296
0.296
0.296
],

k9 _h8: [
0.192
0.192
0.192
0.192
0.192
0.192
0.192
0.192
0.192
0.192
],

k9 _h16: [
0.210
0.212
0.214
0.210
0.213
0.211
0.209
0.209
0.212
0.211
],

k11 _h2: [
0.629
0.629
0.629
0.629
0.629
0.631
0.630
0.630
0.630
0.630
],

k11 _h4: [
0.359
0.358
0.358
0.358
0.358
0.359
0.359
0.358
0.358
0.358
],

k11 _h8: [
0.223
0.224
0.223
0.223
0.223
0.223
0.222
0.222
0.222
0.222
],

k11 _h16: [
0.249
0.245
0.251
0.253
0.241
0.249
0.260
0.241
0.248
0.258
],

k13 _h2: [
0.720
0.720
0.720
0.720
0.720
0.720
0.720
0.720
0.720
0.720
],

k13 _h4: [
0.403
0.403
0.403
0.403
0.403
0.403
0.402
0.403
0.403
0.403
],

k13 _h8: [
0.250
0.246
0.245
0.245
0.245
0.245
0.245
0.246
0.245
0.246
],

k13 _h16: [
0.269
0.269
0.263
0.269
0.270
0.263
0.269
0.265
0.265
0.268
],

k15 _h2: [
0.811
0.811
0.811
0.811
0.811
0.812
0.812
0.812
0.813
0.811
],

k15 _h4: [
0.449
0.448
0.448
0.448
0.448
0.449
0.448
0.449
0.448
0.448
],

k15 _h8: [
0.268
0.268
0.268
0.267
0.267
0.267
0.267
0.268
0.267
0.267
],

k15 _h16: [
0.293
0.285
0.294
0.294
0.289
0.290
0.290
0.289
0.290
0.287
],

----------------------------------
          imagen 1080p            
----------------------------------
k3 _h2: [
0.396
0.396
0.395
0.397
0.395
0.395
0.396
0.396
0.399
0.399
],

k3 _h4: [
0.269
0.271
0.269
0.269
0.270
0.270
0.269
0.269
0.270
0.269
],

k3 _h8: [
0.206
0.206
0.206
0.206
0.209
0.206
0.206
0.208
0.206
0.206
],

k3 _h16: [
0.231
0.234
0.232
0.231
0.234
0.236
0.231
0.233
0.230
0.231
],

k5 _h2: [
0.579
0.588
0.580
0.580
0.580
0.581
0.582
0.578
0.581
0.579
],

k5 _h4: [
0.356
0.356
0.356
0.356
0.356
0.356
0.356
0.357
0.358
0.357
],

k5 _h8: [
0.246
0.247
0.247
0.247
0.247
0.246
0.245
0.246
0.246
0.245
],

k5 _h16: [
0.274
0.273
0.271
0.280
0.275
0.271
0.286
0.288
0.272
0.278
],

k7 _h2: [
0.736
0.737
0.737
0.736
0.736
0.737
0.737
0.737
0.736
0.735
],

k7 _h4: [
0.434
0.434
0.435
0.434
0.434
0.435
0.435
0.435
0.437
0.436
],

k7 _h8: [
0.285
0.286
0.286
0.285
0.285
0.285
0.284
0.284
0.285
0.285
],

k7 _h16: [
0.312
0.322
0.316
0.314
0.317
0.311
0.313
0.319
0.309
0.319
],

k9 _h2: [
0.902
0.901
0.901
0.901
0.901
0.902
0.901
0.902
0.902
0.901
],

k9 _h4: [
0.515
0.516
0.514
0.515
0.516
0.516
0.515
0.515
0.515
0.515
],

k9 _h8: [
0.323
0.323
0.323
0.324
0.325
0.327
0.325
0.324
0.325
0.325
],

k9 _h16: [
0.372
0.360
0.377
0.353
0.354
0.348
0.361
0.347
0.357
0.361
],

k11 _h2: [
1.108
1.107
1.109
1.109
1.110
1.109
1.107
1.109
1.110
1.108
],

k11 _h4: [
0.620
0.620
0.621
0.621
0.621
0.620
0.620
0.621
0.620
0.620
],

k11 _h8: [
0.378
0.377
0.378
0.377
0.378
0.377
0.376
0.377
0.382
0.377
],

k11 _h16: [
0.416
0.405
0.409
0.402
0.422
0.406
0.407
0.403
0.403
0.421
],

k13 _h2: [
1.280
1.278
1.277
1.278
1.277
1.274
1.272
1.273
1.272
1.269
],

k13 _h4: [
0.700
0.701
0.702
0.701
0.703
0.702
0.702
0.708
0.704
0.704
],

k13 _h8: [
0.418
0.419
0.418
0.418
0.418
0.418
0.418
0.418
0.418
0.418
],

k13 _h16: [
0.446
0.447
0.452
0.459
0.455
0.447
0.448
0.448
0.461
0.451
],

k15 _h2: [
1.438
1.441
1.442
1.441
1.439
1.438
1.440
1.442
1.441
1.441
],

k15 _h4: [
0.788
0.786
0.785
0.789
0.789
0.788
0.786
0.789
0.786
0.787
],

k15 _h8: [
0.462
0.463
0.461
0.462
0.461
0.461
0.462
0.464
0.461
0.460
],

k15 _h16: [
0.500
0.496
0.491
0.495
0.487
0.506
0.484
0.496
0.488
0.495
],

----------------------------------
             imagen 4k            
----------------------------------
k3 _h2: [
6.035
6.029
6.027
6.031
6.031
6.028
6.030
6.028
6.030
6.044
],

k3 _h4: [
4.178
4.148
4.147
4.138
4.152
4.141
4.140
4.152
4.146
4.138
],

k3 _h8: [
3.199
3.198
3.211
3.202
3.198
3.195
3.204
3.211
3.210
3.202
],

k3 _h16: [
3.463
3.486
3.475
3.493
3.464
3.430
3.470
3.493
3.460
3.481
],

k5 _h2: [
8.215
8.224
8.231
8.236
8.228
8.233
8.264
8.222
8.227
8.236
],

k5 _h4: [
5.294
5.219
5.220
5.239
5.215
5.218
5.231
5.217
5.219
5.219
],

k5 _h8: [
3.726
3.858
3.782
3.814
3.765
3.802
3.730
3.736
3.772
3.759
],

k5 _h16: [
4.031
3.997
4.043
4.010
4.012
4.088
4.088
4.040
4.013
4.059
],

k7 _h2: [
10.491
10.470
10.478
10.485
10.470
10.467
10.472
10.467
10.473
10.483
],

k7 _h4: [
6.352
6.359
6.350
6.360
6.342
6.354
6.380
6.344
6.351
6.356
],

k7 _h8: [
4.306
4.297
4.298
4.294
4.282
4.279
4.283
4.296
4.305
4.294
],

k7 _h16: [
4.626
4.663
4.619
4.635
4.598
4.663
4.638
4.653
4.626
4.648
],

k9 _h2: [
12.768
12.783
12.798
12.764
12.794
12.765
12.763
12.755
12.749
12.778
],

k9 _h4: [
7.493
7.489
7.487
7.476
7.479
7.480
7.479
7.481
7.476
7.483
],

k9 _h8: [
4.856
4.859
4.850
4.848
4.844
4.846
4.847
4.852
4.839
4.843
],

k9 _h16: [
5.235
5.260
5.189
5.151
5.203
5.203
5.220
5.218
5.281
5.176
],

k11 _h2: [
15.903
15.896
15.901
15.907
15.920
15.897
15.909
15.902
15.917
15.907
],

k11 _h4: [
9.048
9.053
9.052
9.056
9.057
9.053
9.058
9.055
9.050
9.054
],

k11 _h8: [
5.633
5.632
5.627
5.641
5.641
5.635
5.636
5.634
5.639
5.636
],

k11 _h16: [
5.975
5.978
6.035
6.061
6.051
6.012
6.043
6.026
6.065
6.055
],

k13 _h2: [
18.170
18.189
18.217
18.177
18.189
18.180
18.187
18.178
18.181
18.171
],

k13 _h4: [
10.190
10.186
10.196
10.190
10.194
10.180
10.178
10.177
10.182
10.189
],

k13 _h8: [
6.205
6.202
6.207
6.202
6.208
6.208
6.207
6.212
6.214
6.207
],

k13 _h16: [
6.636
6.610
6.603
6.605
6.668
6.734
6.661
6.632
6.710
6.689
],

k15 _h2: [
20.505
20.477
20.525
20.489
20.511
20.474
20.496
20.492
20.496
20.466
],

k15 _h4: [
11.321
11.330
11.327
11.326
11.328
11.339
11.331
11.329
11.328
11.341
],

k15 _h8: [
6.767
6.773
6.777
6.771
6.762
6.762
6.772
6.766
6.758
6.757
],

k15 _h16: [
7.237
7.272
7.288
7.250
7.183
7.317
7.309
7.179
7.297
7.351
],

